0 0.497396 0.056893 0.187500 0.028296
0 0.498047 0.169777 0.782552 0.201084
2 0.500000 0.305840 0.179688 0.020470
2 0.503906 0.411499 0.322917 0.041541
1 0.505208 0.360024 0.276042 0.052980
1 0.338542 0.536725 0.375000 0.113787
0 0.716797 0.533414 0.264323 0.107164
1 0.224609 0.644792 0.173177 0.021674
1 0.348307 0.727875 0.282552 0.115593
2 0.499349 0.833233 0.313802 0.037327
1 0.498698 0.923239 0.773438 0.086093
0 0.169922 0.679711 0.045573 0.024082
0 0.165365 0.710114 0.052083 0.021072
0 0.169922 0.742023 0.053385 0.025888
0 0.167969 0.771222 0.052083 0.022878
