0 0.237630 0.049110 0.222656 0.036186
0 0.708333 0.047387 0.346354 0.032740
0 0.501302 0.186100 0.781250 0.221712
1 0.501953 0.323665 0.553385 0.035037
2 0.499349 0.364159 0.412760 0.037909
1 0.504557 0.396037 0.384115 0.017806
1 0.494141 0.473004 0.683594 0.058013
0 0.304688 0.559736 0.265625 0.080988
0 0.696615 0.562608 0.263021 0.077542
1 0.501953 0.667145 0.618490 0.080988
0 0.499349 0.742677 0.779948 0.051694
0 0.224609 0.827111 0.196615 0.035612
1 0.629557 0.828834 0.470052 0.028719
1 0.509766 0.920448 0.772135 0.129236
