0 0.500000 0.085305 0.778646 0.151930
0 0.498047 0.188356 0.626302 0.041096
1 0.502604 0.255448 0.619792 0.084371
2 0.500651 0.313823 0.154948 0.014944
1 0.502604 0.349004 0.695312 0.042964
0 0.500651 0.415162 0.779948 0.065691
1 0.309245 0.498599 0.352865 0.065068
0 0.693359 0.500000 0.391927 0.093400
0 0.306641 0.594022 0.389323 0.092777
1 0.700521 0.591999 0.364583 0.080635
1 0.287109 0.659558 0.355469 0.016501
0 0.305990 0.730075 0.341146 0.117684
0 0.694010 0.719178 0.388021 0.157534
1 0.503906 0.829390 0.638021 0.054172
1 0.498698 0.879203 0.432292 0.031756
0 0.502604 0.912827 0.479167 0.031133
0 0.177083 0.947229 0.130208 0.023973
1 0.520833 0.949097 0.520833 0.017746
1 0.172526 0.990349 0.110677 0.006227
