1 0.501953 0.018655 0.769531 0.015170
0 0.500000 0.081796 0.677083 0.083231
0 0.500000 0.198442 0.677083 0.144321
1 0.500651 0.307298 0.636719 0.062731
2 0.501302 0.355884 0.338542 0.021320
0 0.328776 0.439729 0.279948 0.111931
1 0.652995 0.391964 0.342448 0.011480
2 0.654948 0.457155 0.270833 0.018860
0 0.663411 0.574826 0.298177 0.118081
1 0.339193 0.523985 0.220052 0.009020
1 0.340495 0.559861 0.285156 0.047970
2 0.339193 0.596966 0.282552 0.022140
0 0.328776 0.706847 0.279948 0.110701
1 0.654297 0.658057 0.274740 0.010660
1 0.662760 0.689832 0.278646 0.038130
2 0.654297 0.723862 0.277344 0.020910
1 0.498047 0.782903 0.292969 0.015170
0 0.503255 0.825543 0.670573 0.019270
0 0.501953 0.881919 0.675781 0.061501
1 0.498047 0.948134 0.657552 0.047150
1 0.655599 0.423944 0.266927 0.036080
