0 0.501302 0.036207 0.197917 0.028736
0 0.304688 0.138793 0.382812 0.172989
1 0.696615 0.117816 0.369792 0.129885
2 0.695964 0.202586 0.282552 0.030460
1 0.462891 0.251724 0.660156 0.034483
1 0.581380 0.363793 0.553385 0.171264
0 0.213542 0.302299 0.138021 0.052874
0 0.216146 0.364655 0.132812 0.055747
0 0.208333 0.426437 0.117188 0.048276
1 0.297526 0.495115 0.332031 0.016667
0 0.210938 0.555172 0.117188 0.062069
1 0.578776 0.554885 0.503906 0.085632
0 0.500000 0.637069 0.781250 0.033908
1 0.496745 0.800575 0.800781 0.268966
