0 0.498698 0.032371 0.080729 0.027122
0 0.500000 0.155949 0.997396 0.206037
1 0.503255 0.272528 0.516927 0.013123
1 0.503906 0.306212 0.986979 0.024497
2 0.500651 0.350612 0.480469 0.038058
1 0.496745 0.386920 0.571615 0.015311
0 0.503255 0.447507 0.608073 0.089239
2 0.502604 0.511592 0.471354 0.034558
1 0.497396 0.548556 0.476562 0.019248
0 0.500651 0.590770 0.998698 0.052931
1 0.503906 0.639983 0.299479 0.022747
0 0.500651 0.723097 0.998698 0.132983
1 0.501953 0.802493 0.266927 0.020560
0 0.501302 0.844488 0.997396 0.058180
0 0.500000 0.931102 0.450521 0.049431
