0 0.500651 0.027288 0.743490 0.023877
1 0.504557 0.055145 0.686198 0.020466
0 0.498698 0.129051 0.742188 0.115975
1 0.501953 0.220864 0.748698 0.056282
2 0.503906 0.269471 0.411458 0.032973
1 0.503255 0.324332 0.647135 0.043775
1 0.501302 0.366401 0.442708 0.021035
0 0.500000 0.443150 0.778646 0.134736
2 0.499349 0.540932 0.514323 0.034679
0 0.305339 0.696703 0.355469 0.235930
1 0.698568 0.677089 0.386719 0.206936
1 0.501953 0.866686 0.688802 0.049460
2 0.498698 0.922399 0.484375 0.038090
1 0.483073 0.971575 0.718750 0.023877
