0 0.498047 0.107583 0.907552 0.174052
0 0.287760 0.295797 0.390625 0.196894
0 0.697266 0.250343 0.402344 0.101416
2 0.701823 0.356556 0.380208 0.030608
0 0.286458 0.492005 0.393229 0.193696
0 0.675130 0.448835 0.347656 0.106441
1 0.699219 0.518045 0.281250 0.027410
2 0.696615 0.551165 0.380208 0.028780
1 0.695312 0.319552 0.299479 0.029694
0 0.287760 0.686386 0.393229 0.194153
0 0.690755 0.648013 0.277344 0.101873
1 0.701823 0.718593 0.239583 0.029237
2 0.697917 0.750799 0.388021 0.031521
0 0.240885 0.806304 0.291667 0.028323
1 0.513672 0.855185 0.631510 0.061215
0 0.487630 0.937186 0.743490 0.069895
